+919702641844
+919867272336
+919892200040
+919967434458
+919324449881
+918652306223
+919892481316
+918422938563
+918976181735
+918898451040
+919224383691
+919819281503
+919619848064
+918655849055
+918369048448
+919870382758
+919869368845
+919082273985
+919920945232
+919833046378
+919224422114
+919773773255
+918369048448
+919867811770
+918879379299
+919029391088
+917420020314
+919702166114
+919930900660
+919819972702
+919930585867
+919029943824
+919819281503
+919920245625
+919833410233
+919821492076
+919167437553
+919820351160
+918422938021
+919819909906
+919920671755
+919702006602
+919594468629
+919004296771
+919167437553
+919820351160
+918422938021
+919819909906
+919920671755
+919702006602
+919594468629
+919004296771
+918422938551
+918291935592
+919222282826
+919930275390
+919594605816
+919821234648
+919821557306
+919769883554
+919702228341
+919820195203
+919819140946
+919920412323
+919768736274
+919867863554
+917738172038
+919819637426
+919224120891
+919702883552
+919588150777
+919850170404
+919867867648
+918450950808
+919892244399
+919819655307
+919320008666
+919867323208
+919833642215
+919029582245
+917420020350
+919987123734
+919920523320
+919769950220
+919819995410
+919324396328
+919221079342
+919867478692
+919870652011
+919321426722
+919892291344
+919920012955
+919372706745
+919769526803
+919769555145
+917208929124
+919757224517
+918356023836
+919323535965
+919833902925
+919224277866
+919769526803
+919769555145
+917208929124
+919757224517
+918356023836
+919323535965
+919833902925
+919224277866
+919022240579
+919769555145
+919323647234
+918080510824
+918425055776
+919819240189
+917498215366
+919833228457
+919867996685
+918866374411
+919892904643
+919820885987
+919892660204
+917900036374
+919819300878
+919702450986
+919920940182
+919833226540
+919892036876
+919594692786
+919819917376
+917039788624
+919820063399
+919167177166
+919224172346
+919819563545
+919967195112
+919324372893
+917420020352
+919820935248
+919867898696
+918291821102
+918451950059
+917720071777
+917276171800
+919820831582
+917420020352
+919820935248
+919867898696
+918291821102
+918451950059
+917720071777
+917276171800
